
Cluster 1
[0.0079 0.7062 0.0311 0.0014 0.2589]
[0.017  0.7569 0.027  0.032  0.2453]
[0.0163 0.6814 0.0231 0.0104 0.2359]
[0.0262 0.7489 0.0329 0.0173 0.2723]
[0.144  0.7489 0.0321 0.0684 0.2723]
[5.7663e-05 7.1597e-01 2.9028e-02 1.7868e-02 3.0869e-01]
[0.0272 0.6911 0.0199 0.0222 0.2723]
[0.0018 0.7148 0.0338 0.0038 0.3269]
[0.008  0.7006 0.0264 0.0127 0.2359]
[0.0025 0.7373 0.0277 0.007  0.2905]
[0.0038 0.6876 0.0314 0.0036 0.2905]
[0.0074 0.716  0.0021 0.0168 0.3087]
[0.0106 0.7089 0.0021 0.0154 0.3087]
[3.6491e-03 7.6331e-01 7.4260e-04 2.0536e-02 2.5411e-01]
[0.0105 0.7314 0.0417 0.0785 0.3087]
[0.0533 0.6355 0.0166 0.0423 0.2359]
[0.0932 0.697  0.0304 0.011  0.2723]
[0.0049 0.7822 0.0326 0.0092 0.2541]
[0.0009 0.7314 0.0051 0.0653 0.2541]
[0.0049 0.716  0.029  0.0202 0.2723]
[0.0332 0.7172 0.0396 0.0816 0.3087]
[0.0106 0.7041 0.0357 0.0446 0.2905]
[0.0096 0.7124 0.0428 0.0049 0.2359]
[0.0079 0.7207 0.0259 0.014  0.2905]
[0.0105 0.7172 0.0673 0.0321 0.3073]
[0.0097 0.6568 0.0063 0.0085 0.2688]
[0.0179 0.7408 0.0716 0.01   0.2495]
[0.0121 0.6769 0.0582 0.0611 0.2111]
[6.3995e-04 7.5029e-01 7.5326e-02 1.2073e-02 2.8802e-01]
[0.0321 0.6947 0.0945 0.0038 0.2688]
[0.0072 0.7172 0.0056 0.0236 0.2688]
[0.0592 0.6639 0.0533 0.0866 0.2303]
[0.0294 0.7207 0.0631 0.0185 0.2688]
[0.0068 0.7266 0.0778 0.0187 0.288 ]
[0.0064 0.7018 0.0617 0.0407 0.2688]
[0.0106 0.7527 0.009  0.0316 0.288 ]
[0.0009 0.6994 0.0531 0.0158 0.3073]
[0.0294 0.7538 0.0671 0.0591 0.2912]
[0.0087 0.7467 0.0071 0.0136 0.3329]

Cluster 2
[0.0177 0.0701 0.0672 0.0059 0.2642]
[0.0224 0.0087 0.1812 0.3622 0.618 ]
[0.0277 0.0864 0.1081 0.2602 0.3815]
[0.0251 0.084  0.0676 0.0245 0.3997]
[0.01   0.0899 0.1478 0.0546 0.5088]
[0.0049 0.0757 0.0043 0.0036 0.2723]
[0.0118 0.0852 0.0063 0.0079 0.3087]
[0.0007 0.084  0.0626 0.004  0.4542]
[0.0052 0.0911 0.1181 0.1314 0.436 ]
[0.003  0.0876 0.0672 0.0115 0.2723]
[0.0066 0.084  0.131  0.0393 0.3451]
[0.0069 0.0793 0.0269 0.0225 0.3269]
[0.0111 0.0864 0.3319 0.0122 0.4227]
[0.0255 0.0793 0.253  0.0027 0.365 ]
[0.0084 0.0876 0.3674 0.0188 0.4227]
[0.0075 0.0083 0.608  0.009  0.5189]
[0.0045 0.0083 0.2097 0.0046 0.5574]
[0.0413 0.0793 0.1317 0.0061 0.3458]
[0.0438 0.0663 0.1216 0.0439 0.3458]
[0.0258 0.0876 0.0213 0.1172 0.4227]
[0.0034 0.0852 0.2126 0.0054 0.3458]
[1.     0.0734 0.0172 0.0349 0.2688]
[0.0047 0.0698 0.0679 0.0407 0.2912]
[0.0032 0.0911 0.38   0.1035 0.8528]
[0.0566 0.0769 0.1919 0.0235 0.5584]
[0.2201 0.0805 0.345  0.0224 0.4995]
[0.0232 0.0852 0.2868 0.0158 0.5584]
[0.0255 0.0083 0.3633 0.0131 0.735 ]
[0.1625 0.0722 0.1122 0.0387 0.5308]
[0.0526 0.0734 0.1234 0.0155 0.5308]
[0.0223 0.0923 0.4858 0.0044 0.8436]
[0.0628 0.0757 0.0349 0.3789 0.5933]
[0.2232 0.0735 0.1391 0.1164 0.6292]
[0.5462 0.0077 0.0239 0.2532 0.7497]
[0.0284 0.0916 0.5793 0.0766 0.7497]

Cluster 3
[0.0272 0.8818 0.442  0.0396 0.6383]
[0.0293 0.8675 1.     0.0418 1.    ]
[0.0748 0.7882 0.3754 0.1633 0.4804]
[0.0081 0.8391 0.411  0.035  0.4997]
[0.0335 0.8177 0.523  0.0075 0.5382]
[0.6268 0.7467 0.4638 0.0436 0.365 ]
[0.0111 0.9692 0.4142 0.255  0.6873]
[0.0222 0.8497 0.6616 0.0095 1.    ]
[0.0261 0.7444 0.4001 0.0052 0.6467]
[0.0295 0.9207 0.3309 0.2762 0.6467]
[2.6169e-04 8.9822e-01 1.9594e-01 2.4449e-01 9.1168e-01]
[0.1426 0.8781 0.2474 0.0427 0.8234]
[0.0575 0.8426 0.3858 0.1449 0.6762]
[0.0216 0.9148 0.4366 0.0515 0.7056]
[5.2964e-04 8.1420e-01 2.4809e-01 2.5158e-01 7.9392e-01]
[0.02   0.8308 0.2624 0.0107 0.6762]
[0.0549 0.8095 0.3751 0.0173 0.8234]
[0.0178 0.9195 0.4498 0.0063 0.6762]
[0.0287 0.9041 0.3934 0.107  0.7056]
[0.0092 0.8781 0.4098 0.007  0.7939]
[0.013  0.8343 0.3887 0.0045 0.7056]
[0.0155 0.9006 0.397  0.0091 0.6762]
[0.1865 0.7503 0.3391 0.0117 0.529 ]
[0.0153 0.9669 1.     0.2069 1.    ]
[0.0455 0.8544 0.3658 0.0113 0.5933]
[0.0145 0.8746 0.3212 0.0079 0.5933]
[0.0168 0.8959 0.343  0.0079 0.5621]
[0.0093 0.858  0.234  0.005  0.6872]
[0.5778 0.7053 0.793  0.0405 1.    ]
[0.0576 0.9058 1.     0.0259 0.8517]
[0.2568 0.8232 0.278  0.2286 0.7079]
[0.0192 0.8748 0.2131 0.0512 0.7497]
[0.0744 0.8865 0.4716 0.3887 0.7914]
[0.0119 0.9703 0.9502 0.0583 0.9583]
[0.0673 0.911  0.2818 0.1166 0.6662]
[0.0113 0.9484 0.6959 0.2868 0.9166]
[0.0427 0.9842 1.     0.0785 0.9583]
[0.0218 0.7254 0.2566 0.2868 0.7079]
[0.0511 0.8187 0.2675 0.0439 0.7079]
[0.1491 0.9579 1.     0.0516 1.    ]

Cluster 4
[0.0076 0.8175 0.073  0.0024 0.1915]
[0.006  0.7988 0.0356 0.0139 0.2541]
[0.0035 0.7562 0.1273 0.0444 0.2303]

Cluster 5
[0.0084 0.8183 0.0669 0.0042 0.3394]
[0.0213 0.8851 0.0782 0.067  0.379 ]
[0.0161 0.8294 0.0846 0.0273 0.3425]
[0.0373 0.7702 0.0935 0.0042 0.3269]
[0.0072 0.859  0.0457 0.0086 0.3269]
[0.0217 0.7763 0.0503 0.0065 0.3269]
[0.0418 0.8106 0.0499 0.1902 0.3451]
[0.0165 0.7609 0.0594 0.0058 0.3269]
[0.0106 0.7905 0.0601 0.0055 0.3087]
[0.0558 0.8769 0.0911 0.027  0.3815]
[0.0116 0.8296 0.0599 0.1669 0.3269]
[0.1018 0.7787 0.0737 0.0245 0.4178]
[0.0278 0.7822 0.0322 0.004  0.2905]
[0.0038 0.8106 0.0891 0.0113 0.3451]
[0.0011 0.8615 0.08   0.0251 0.3269]
[0.0051 0.8154 0.065  0.0159 0.3269]
[0.0087 0.826  0.077  0.0142 0.3815]
[0.0287 0.845  0.1261 0.0261 0.3451]
[0.0679 0.7515 0.1008 0.027  0.3269]
[0.0154 0.7751 0.1059 0.0054 0.3269]
[0.0326 0.7775 0.044  0.1104 0.2905]
[0.0061 0.7515 0.0803 0.0061 0.3087]
[0.0021 0.8485 0.065  0.0025 0.4178]
[0.0241 0.7527 0.0836 0.0242 0.3997]
[0.0214 0.7799 0.0841 0.0115 0.3087]
[0.0632 0.768  0.003  0.2477 0.3451]
[0.0386 0.8059 0.0391 0.0342 0.3087]
[0.0062 0.8142 0.0553 0.0248 0.2905]
[0.0041 0.8237 0.0045 0.0061 0.2905]
[0.0212 0.8272 0.0614 0.0125 0.3269]
[0.0102 0.8497 0.0401 0.013  0.2905]
[0.0086 0.8473 0.0866 0.0053 0.3997]
[0.0026 0.845  0.035  0.0035 0.3815]
[0.0113 0.8805 0.0068 0.0147 0.3451]
[0.0023 0.8544 0.0722 0.0025 0.3451]
[0.0211 0.7893 0.0633 0.0153 0.2905]
[0.0052 0.8509 0.0705 0.0702 0.3815]
[0.0029 0.8296 0.0916 0.0035 0.3269]
[0.0181 0.8059 0.0086 0.0181 0.3815]
[0.009  0.8497 0.0705 0.0161 0.3269]
[0.0078 0.7834 0.0065 0.0043 0.3451]
[0.0054 0.8911 0.0056 0.0085 0.3997]
[0.0065 0.832  0.0903 0.0066 0.3815]
[0.0247 0.8651 0.0685 0.0844 0.3269]
[0.0101 0.8817 0.0541 0.0043 0.2905]
[0.0058 0.8627 0.0592 0.0105 0.2905]
[0.0096 0.813  0.0944 0.0088 0.3451]
[0.0255 0.8272 0.0601 0.1792 0.3269]
[0.0286 0.7728 0.116  0.0053 0.3458]
[0.024  0.7231 0.134  0.0118 0.3265]
[0.025  0.8225 0.0177 0.0131 0.3458]
[0.011  0.8615 0.0264 0.0126 0.4227]
[0.0413 0.8071 0.0133 0.0292 0.3458]
[0.0172 0.8249 0.0165 0.0071 0.3073]
[7.9201e-06 8.2367e-01 1.5485e-01 7.4267e-03 3.2651e-01]
[0.0151 0.7669 0.0095 0.0507 0.3458]
[0.0101 0.8604 0.0013 0.0097 0.4227]
[0.0077 0.7314 0.0969 0.0222 0.3265]
[0.0145 0.755  0.1255 0.0056 0.3265]
[0.0411 0.7953 0.0221 0.0092 0.3073]
[0.0053 0.8426 0.0249 0.0025 0.4035]
[0.0214 0.7858 0.124  0.0069 0.3073]
[0.005  0.7491 0.1377 0.0218 0.3073]
[0.0994 0.7657 0.0854 0.0423 0.3537]
[0.0838 0.7373 0.1291 0.203  0.3537]
[0.0366 0.7503 0.096  0.0103 0.3523]
[0.0623 0.7444 0.0666 0.0831 0.3523]
[0.0142 0.8367 0.0095 0.0058 0.4112]
[0.0471 0.7479 0.0829 0.0119 0.3818]

Cluster 6
[0.0157 0.6722 0.0293 0.0015 0.1191]

Cluster 7
[0.0416 0.659  0.0335 0.0028 0.3353]
[0.7229 0.6375 0.0383 0.0471 0.3451]
[0.2396 0.7004 0.0404 0.019  0.3269]
[0.0009 0.6935 0.0253 0.0172 0.3269]
[0.8491 0.7562 0.0424 0.0729 0.3087]
[0.0087 0.703  0.0314 0.0093 0.3451]
[0.0126 0.6698 0.0227 0.0275 0.3815]
[1.0379e-04 6.5680e-01 2.7583e-02 1.8063e-02 3.2688e-01]
[0.0107 0.6675 0.0333 0.0525 0.3269]
[5.4276e-04 6.4497e-01 2.4920e-02 1.0523e-02 2.9050e-01]
[0.0066 0.684  0.0273 0.02   0.3087]
[0.0788 0.697  0.0505 0.0168 0.3269]
[0.0367 0.6592 0.0307 0.0771 0.3087]
[0.011  0.6521 0.0282 0.0195 0.3087]
[0.1844 0.6935 0.0345 0.0912 0.3087]
[0.231  0.6485 0.0231 0.0278 0.2723]
[0.003  0.6769 0.0445 0.0503 0.3269]
[0.0335 0.6284 0.0228 0.0445 0.3451]
[0.0025 0.6296 0.0211 0.0415 0.2905]
[0.4297 0.6651 0.0468 0.0273 0.3451]
[0.072  0.6248 0.0214 0.0262 0.3451]
[0.0783 0.6852 0.0067 0.0777 0.3458]
[0.0341 0.6142 0.054  0.0399 0.3458]
[0.0924 0.6639 0.0692 0.0518 0.3458]
[0.0542 0.6343 0.05   0.0377 0.3458]
[0.3682 0.6237 0.0947 0.0198 0.2495]
[0.1102 0.716  0.0692 0.0381 0.3073]
[0.0236 0.6888 0.0772 0.0307 0.3458]
[0.0065 0.7231 0.0979 0.0303 0.365 ]
[0.0195 0.7302 0.0588 0.0298 0.3458]
[0.2891 0.5361 0.0975 0.0202 0.3073]
[0.0042 0.6852 0.0934 0.0516 0.3265]
[0.0636 0.6095 0.054  0.0401 0.2688]
[0.0067 0.6911 0.0639 0.0204 0.3265]
[0.0114 0.6947 0.0532 0.0405 0.365 ]
[0.0015 0.7018 0.111  0.1367 0.3458]
[0.0421 0.6828 0.0654 0.09   0.3458]
[0.0031 0.7053 0.0093 0.03   0.3458]
[0.0323 0.7077 0.0754 0.0357 0.3458]
[0.3867 0.697  0.1039 0.091  0.3458]
[0.038  0.729  0.0824 0.0446 0.3265]
[0.1548 0.7325 0.0686 0.0331 0.288 ]
[0.2151 0.6959 0.0512 0.0455 0.365 ]
[0.0519 0.6698 0.0744 0.0281 0.288 ]
[0.062  0.7207 0.131  0.0269 0.3458]
[0.2336 0.6911 0.1033 0.0229 0.3954]
[0.072  0.742  0.0144 0.0165 0.3329]
[0.0134 0.7231 0.0079 0.0375 0.3523]
[0.0349 0.6379 0.0569 0.0301 0.4701]
[0.0913 0.6568 0.0704 0.0277 0.4995]
[6.2509e-04 6.9467e-01 7.3526e-02 2.5434e-02 4.7009e-01]
[0.0255 0.5953 0.0603 0.0062 0.529 ]
[0.117  0.6911 0.0775 0.019  0.4406]
[0.0583 0.6828 0.1031 0.0136 0.4406]
[0.0055 0.6663 0.075  0.0157 0.4112]
[0.0146 0.6888 0.0766 0.0421 0.4406]
[0.0977 0.6757 0.0533 0.1234 0.4701]
[0.0028 0.7006 0.0822 0.0036 0.4406]
[0.0109 0.6757 0.0626 0.011  0.4406]
[0.0041 0.6817 0.0985 0.0065 0.4701]
[0.0189 0.6686 0.0776 0.006  0.4995]
[0.9191 0.6095 0.1142 0.1645 0.5933]
[0.0115 0.6698 0.1103 0.0105 0.4369]

Cluster 8
[0.012  0.8279 0.088  0.0074 0.0344]
[0.0083 0.8034 0.1164 0.0067 0.032 ]
[0.0324 0.7941 0.0952 0.0139 0.0358]
[0.0121 0.8379 0.0888 0.0165 0.0358]
[0.0079 0.8864 0.0452 0.0136 0.0358]
[0.0085 0.8154 0.0646 0.0093 0.0358]
[0.075  0.8083 0.0808 0.01   0.0358]
[0.0157 0.8355 0.164  0.0283 0.054 ]
[0.09   0.7799 0.1696 0.0569 0.0379]
[0.0048 0.8899 0.2052 0.0068 0.0379]
[0.0078 0.7775 0.1477 0.0068 0.0379]
[0.0225 0.9124 0.223  0.0972 0.0379]
[0.0065 0.8509 0.1945 0.0377 0.0379]
[8.7720e-04 9.1006e-01 1.5536e-01 2.2644e-02 3.7869e-02]
[0.0055 0.8888 0.1499 0.003  0.0379]
[0.0091 0.7444 0.218  0.0053 0.0379]
[0.0254 0.8888 0.1876 0.1305 0.0379]
[0.0075 0.8828 0.162  0.0188 0.0379]
[0.0768 0.8722 0.1712 0.0824 0.0379]
[0.0187 0.832  0.1212 0.0292 0.0379]
[0.0241 0.8817 0.2007 0.0281 0.0379]
[0.1583 0.8533 0.282  0.1345 0.041 ]
[0.1407 0.7763 0.1577 0.0063 0.041 ]
[0.0034 0.8722 0.1921 0.0116 0.041 ]
[0.0305 0.8237 0.1581 0.0045 0.0579]
[0.0139 0.8615 0.201  0.0505 0.0579]
[0.0769 0.7893 0.2313 0.008  0.0579]
[0.0711 0.8426 0.2208 0.0281 0.0579]
[0.0223 0.9172 0.1717 0.1611 0.0874]
[0.037  0.8059 0.1445 0.0194 0.0579]
[1.     0.8651 0.0219 0.2633 0.0579]
[0.0455 0.8391 0.3715 0.1155 0.0616]
[0.0693 0.7964 0.2845 0.0139 0.0616]
[0.0485 0.7751 0.3237 0.0094 0.0616]

Cluster 9
[0.0201 0.8407 0.0901 0.0285 0.5117]
[0.0188 0.8899 0.1153 0.1399 0.4724]
[0.005  0.8686 0.1502 0.0909 0.5816]
[0.0041 0.8781 0.0143 0.0044 0.436 ]
[0.0073 0.8083 0.0769 0.0044 0.436 ]
[0.0068 0.929  0.0547 0.0678 0.4542]
[0.0053 0.9361 0.0879 0.0042 0.4906]
[0.3658 0.8805 0.2578 0.1736 0.5088]
[0.0056 0.916  0.2416 0.0057 0.5998]
[0.0021 0.8497 0.0913 0.0066 0.4997]
[0.0033 0.8343 0.0183 0.0053 0.4804]
[0.0611 0.6959 0.042  0.0679 0.8076]
[0.0467 0.8663 0.0259 0.0065 1.    ]
[0.0245 0.7385 0.0177 0.0241 0.4997]
[0.0639 0.858  0.0269 0.0527 0.6039]
[0.0199 0.8722 0.1907 0.087  0.6173]
[0.1459 0.6414 0.0445 0.1162 0.5584]
[0.0106 0.8272 0.1015 0.0209 0.6173]
[0.0387 0.813  0.1384 0.0079 0.529 ]
[0.015  0.7799 0.1336 0.0218 0.6173]
[0.0336 0.6544 0.0056 0.01   0.7056]
[0.1654 0.7882 0.1249 0.0804 0.529 ]
[0.0154 0.6805 0.0687 0.0194 0.4995]
[0.0177 0.6757 0.0571 0.0089 0.529 ]
[0.0054 0.7408 0.0639 0.0114 0.4406]
[0.0165 0.6935 0.0886 0.0193 0.4995]
[0.0607 0.703  0.0675 0.0405 0.4701]
[0.0399 0.845  0.2412 0.0735 0.6173]
[0.0053 0.6568 0.0704 0.0086 0.5584]
[0.025  0.7006 0.0758 0.0375 0.4701]
[0.0024 0.8272 0.2188 0.0183 0.5584]
[0.0185 0.8923 0.1096 0.0225 0.6173]
[0.0223 0.7633 0.1123 0.0897 0.4995]
[0.0231 0.8722 0.2232 0.0535 0.6762]
[0.0355 0.716  0.059  0.0195 0.4701]
[0.0086 0.7243 0.0954 0.0101 0.529 ]
[0.0085 0.8556 0.0276 0.004  0.6467]
[0.0871 0.7314 0.0652 0.1064 0.4995]
[0.0233 0.8118 0.2305 0.1578 0.6762]
[0.017  0.716  0.0983 0.0667 0.4995]
[0.0144 0.755  0.0143 0.0106 0.6467]
[0.0277 0.6935 0.084  0.0537 0.4701]
[0.0084 0.7905 0.0986 0.0077 0.4406]
[0.0402 0.7302 0.0643 0.1074 0.4701]
[0.0906 0.7657 0.1805 0.0118 0.529 ]
[0.0434 0.7834 0.2106 0.009  0.6467]
[0.1016 0.6876 0.0668 0.0277 0.7939]
[0.6352 0.8142 0.1529 0.0511 0.6467]
[0.0402 0.7988 0.182  0.0302 0.529 ]
[0.0407 0.8746 0.2262 0.0514 0.5621]
[0.0178 0.8805 0.0599 0.023  0.9687]
[0.4692 0.7325 0.1581 0.0413 0.6559]
[0.134  0.7053 0.1354 0.0889 0.781 ]
[0.0384 0.8632 0.0259 0.02   0.555 ]
[0.0098 0.7574 0.0151 0.1909 0.6245]
[0.0505 0.7019 0.1362 0.0859 0.7497]
[0.0222 0.8658 0.062  0.2287 0.9166]

Cluster 10
[0.0107 0.8653 0.1714 0.0074 0.4047]
[0.0028 0.8744 0.1034 0.0036 0.3815]
[0.0109 0.891  0.2289 0.0171 0.4724]
[0.1571 0.7087 0.3232 0.0099 0.3997]
[6.3956e-04 8.8402e-01 1.2882e-01 4.5589e-02 3.9965e-01]
[0.1058 0.7858 0.1477 0.0304 0.4178]
[0.0145 0.9207 0.1511 0.0606 0.4178]
[0.0046 0.9278 0.1526 0.0633 0.4178]
[0.0429 0.9089 0.1375 0.2003 0.436 ]
[0.0058 0.9018 0.0982 0.0555 0.3997]
[0.0297 0.8805 0.0961 0.1168 0.3815]
[0.0151 0.8982 0.1293 0.0362 0.3997]
[0.096  0.8899 0.178  0.0468 0.436 ]
[0.0096 0.9089 0.1006 0.0364 0.3815]
[0.0116 0.858  0.1576 0.1174 0.3451]
[0.0067 0.9408 0.2611 0.0112 0.436 ]
[0.0039 0.9172 0.3079 0.0107 0.4804]
[0.0108 0.942  0.296  0.1544 0.4612]
[0.0065 0.884  0.2786 0.0088 0.4035]
[0.0045 0.8615 0.161  0.0099 0.3458]
[0.0048 0.8213 0.2328 0.0023 0.4227]
[0.0053 0.871  0.2064 0.0027 0.4227]
[0.0332 0.7953 0.2208 0.0202 0.4035]
[0.0146 0.8568 0.2029 0.1675 0.3265]
[0.0234 0.8746 0.3411 0.0447 0.365 ]
[0.009  0.8533 0.2431 0.0207 0.4227]
[0.1824 0.7148 0.2359 0.1183 0.3265]
[0.0442 0.9006 0.2729 0.2261 0.4035]
[0.3028 0.871  0.2796 0.1727 0.4035]
[0.0047 0.8675 0.3372 0.0028 0.4804]
[0.0164 0.787  0.2884 0.0071 0.365 ]
[0.0028 0.8864 0.2201 0.0037 0.4035]
[0.0216 0.768  0.2069 0.0051 0.442 ]
[8.5226e-04 8.5325e-01 1.7325e-01 2.3977e-02 3.4575e-01]
[0.0365 0.8213 0.1865 0.023  0.3458]
[0.425  0.8805 0.1924 0.2668 0.4227]
[0.0261 0.8272 0.1873 0.0051 0.365 ]
[0.019  0.9136 0.3315 0.0435 0.4804]
[0.0246 0.7645 0.2042 0.0071 0.458 ]
[0.0969 0.8734 0.2228 0.1526 0.3746]
[0.0112 0.8698 0.2377 0.0263 0.3954]
[4.5788e-04 8.8284e-01 1.3361e-01 3.2793e-01 3.9543e-01]
[0.0049 0.8959 0.2351 0.0043 0.3746]
[0.0124 0.8118 0.2978 0.0074 0.4371]
[0.0031 0.7846 0.1575 0.0444 0.3954]
[0.0049 0.8414 0.2065 0.0143 0.4995]
[0.0231 0.8414 0.267  0.0124 0.5584]
[0.0611 0.7704 0.2017 0.0244 0.4682]
[0.0823 0.7988 0.1848 0.0297 0.4682]

Cluster 11
[0.3295 0.9148 0.3856 0.7522 0.7155]
[0.0499 0.8888 0.0778 1.     0.5088]
[0.1621 0.9136 0.3694 0.4852 0.4997]
[0.1475 0.9337 0.0424 1.     0.4997]
[0.0078 0.8686 0.0222 0.5634 0.6467]
[0.1116 0.8485 0.1221 0.5216 0.7056]
[1.     0.7633 0.2394 0.0319 0.7645]
[0.0179 0.0095 0.2234 1.     0.6173]
[0.693  0.8024 0.2593 0.9603 0.0616]
[0.0181 1.     1.     1.     0.1471]
[0.0341 0.9948 0.9106 1.     0.8888]
[0.0343 0.9897 0.9197 1.     1.    ]
[0.0787 0.1019 0.6304 1.     0.9166]
[0.1225 0.7019 0.2711 0.4378 0.5828]
[0.0706 1.     0.6412 0.9737 0.9583]
[1.     0.7871 0.266  0.3558 0.7914]
[0.0577 0.9882 0.0108 0.5522 0.9166]
[0.744  0.8489 0.9157 0.8521 0.8748]
[1.     0.7687 0.2464 0.9468 0.7079]
[1.     0.7819 0.3678 1.     0.7724]
[1. 1. 1. 1. 1.]
