[[1.         0.19826514 0.44649667 0.2726674  0.21817605 0.3037613
  0.349476   0.38092574 0.26455104 0.028997   0.4808811  0.63510764
  0.20908667 0.54868084 0.16239496 0.19462945 0.25312066 0.3267291
  0.162745   0.14479488 0.10569924 0.368133  ]
 [0.36284488 1.         0.23977724 0.5469293  0.         0.23536211
  0.35262308 0.04552035 0.10056288 0.20545727 0.26813453 0.3760816
  0.21937934 0.38317212 0.33474666 0.2600857  0.28854933 0.5489785
  0.3924334  0.39389428 0.4302368  0.03814504]
 [0.6980979  0.20229007 1.         0.38658717 0.32423306 0.7014952
  0.         0.1871419  0.45827878 0.4595377  0.33743998 0.5881199
  0.4294273  0.15175545 0.05411895 0.38865438 0.42093554 0.32585883
  0.30861226 0.14715667 0.08342254 0.36474916]
 [0.39816055 0.94312614 0.7206578  1.         0.24752633 0.33589977
  0.07659356 0.1183383  0.1201464  0.22396529 0.26371777 0.23747504
  0.06708679 0.         0.01149075 0.3385759  0.20864943 0.51585025
  0.6183175  0.35904646 0.16484328 0.35152143]
 [0.50105864 0.         0.83708256 0.6547286  1.         0.4064255
  0.34196672 0.22970623 0.25361446 0.27842957 0.26594496 0.14790696
  0.05027868 0.28453007 0.08747642 0.2609129  0.10953849 0.239781
  0.48169827 0.3667751  0.21637622 0.5423364 ]
 [0.3589661  0.14484471 1.         0.4748295  0.5925     1.
  0.16405836 0.35862783 0.523985   0.3421729  0.09040249 0.19912213
  0.41835785 0.35627663 0.18471903 0.14695838 0.3693696  0.
  0.0959277  0.27552015 0.21083112 0.3762465 ]
 [0.4437914  0.37490147 0.         0.19222178 0.690425   0.31264234
  1.         0.23806338 0.03317404 0.         0.15549792 0.12196658
  0.23496397 0.5222781  0.3007508  0.330431   0.         0.13797614
  0.34733856 0.32177255 0.6831913  0.04915532]
 [0.6576839  0.07263913 0.3041665  0.37280136 0.487275   0.63732845
  0.425088   1.         0.40487072 0.3249775  0.36513397 0.21414308
  0.26629832 0.40416202 0.2215542  0.01433844 0.4281328  0.25624812
  0.2790815  0.0339656  0.13717136 0.5697403 ]
 [0.5407612  0.10734274 1.         0.3437033  0.59395    1.
  0.12133647 0.88923454 1.         0.2749234  0.20375331 0.14099912
  0.         0.2236731  0.242087   0.07148008 0.45233595 0.0640338
  0.00649467 0.10526025 0.43080413 0.41316107]
 [0.         0.26753902 1.         0.46336484 0.574625   0.85851383
  0.         0.74346054 0.6341261  1.         0.30750003 0.07332386
  0.32333678 0.08062133 0.         0.41586772 0.38752684 0.21470378
  0.34711787 0.         0.02519911 0.42751673]
 [1.         0.56812626 0.8396902  0.6492404  0.7315     0.46912092
  0.32457367 0.8589362  0.5173739  0.8116757  1.         0.4430373
  0.15940933 0.29641747 0.07154213 0.5031922  0.0703689  0.33021867
  0.3795176  0.41747773 0.03502612 0.11417878]
 [0.9196088  0.5692693  0.94821435 0.54307014 0.421675   0.6465663
  0.29261518 0.43686193 0.40407997 0.32839158 0.70640314 1.
  0.3913886  0.4240511  0.         0.25565267 0.17782162 0.25976738
  0.17881352 0.14905931 0.26075834 0.35093182]
 [0.22221941 0.330108   0.89259267 0.24550658 0.         1.
  0.34779805 0.47406125 0.00562883 0.7846537  0.3438996  1.
  1.         0.49741912 0.18091244 0.24657448 0.04807435 0.18526046
  0.3608218  0.22577554 0.03875139 0.3863211 ]
 [1.         0.547178   0.         0.         0.47589153 0.8699384
  0.7977651  0.7758621  0.41747144 0.08814442 0.52101964 1.
  1.         1.         0.433904   0.         0.04924532 0.
  0.         0.25508496 0.3353815  0.2769489 ]
 [0.6661538  0.7398313  0.08612793 0.         0.11577807 0.7027385
  0.5875328  0.56342286 0.62478155 0.10594393 0.32343745 0.
  1.         1.         1.         0.19288017 0.15845911 0.27685556
  0.         0.31715578 0.39151752 0.28303725]
 [0.53302914 0.45554155 0.80078965 0.45637754 0.48557952 0.5204221
  0.5226795  0.         0.21117304 0.9220465  1.         0.8184209
  0.7873273  0.15256265 0.31831765 1.         0.08559152 0.26442537
  0.21015754 0.14141095 0.2161407  0.04807865]
 [0.90879184 0.551612   1.         0.16712488 0.         1.
  0.         1.         1.         1.         0.14846323 0.5386234
  0.13838954 0.32070047 0.21876132 0.2587703  1.         0.32939944
  0.01674784 0.         0.19966601 0.5327617 ]
 [0.93070513 1.         0.9445896  0.86765707 0.         0.
  0.19434534 0.58993095 0.24891745 0.7019101  0.7466841  1.
  0.6276185  0.13154897 0.91126406 1.         0.95729464 1.
  0.7565917  0.         0.31446433 0.26111922]
 [0.09667321 0.75169635 0.8605788  1.         0.98796326 0.
  0.42386556 0.45741168 0.         0.87366414 0.66435695 0.
  1.         0.         0.         1.         0.43014735 1.
  1.         0.22315447 0.28443736 0.22895998]
 [0.3540086  1.         0.436024   1.         0.9271008  1.
  0.53294104 0.         0.         0.         1.         0.
  0.8588612  0.8166204  0.9754347  0.6008673  0.         0.
  1.         1.         0.26274943 0.16134737]
 [0.         1.         0.         0.         0.         0.
  1.         0.         1.         0.         0.         0.
  0.         1.         1.         0.7274658  0.         1.
  1.         0.86884177 1.         0.        ]
 [1.         0.         1.         1.         1.         1.
  0.         1.         1.         1.         0.         1.
  1.         0.         0.         0.         1.         0.
  0.         0.         0.         1.        ]]